100 3000
1 571 258 353 546 1 448
1 428 262 135 499 1 479
1 545 464 410 541 1 231
0 109 383 1 184 2
0 9 448 1 169 2
0 40 56 1 192 5
0 555 422 1 203 1
0 250 78 1 189 4
0 211 557 1 192 4
0 594 138 1 187 2
0 535 458 1 177 4
0 199 348 1 175 2
0 250 460 1 175 3
0 595 591 1 192 6
0 283 209 1 184 6
0 517 530 1 191 3
0 402 67 1 180 2
0 595 590 1 166 5
0 389 19 1 185 6
0 586 367 1 164 1
0 581 144 1 170 5
0 139 401 1 172 5
0 599 402 1 185 5
0 74 484 1 198 3
0 95 309 1 189 2
0 535 532 1 167 3
0 564 522 1 166 2
1 258 60 51 547 2 615
1 346 241 381 434 2 294
1 488 72 420 513 2 540
0 385 71 2 191 2
0 25 175 2 191 3
0 124 340 2 187 5
0 381 425 2 186 4
0 184 141 2 174 1
0 439 164 2 194 2
0 436 486 2 181 3
0 327 6 2 163 6
0 43 90 2 172 5
0 397 427 2 165 5
0 210 496 2 188 3
0 34 264 2 172 3
0 492 449 2 194 6
0 261 10 2 179 2
0 59 263 2 184 6
0 586 394 2 180 3
0 136 316 2 191 6
0 283 458 2 179 5
0 41 241 2 188 6
0 212 210 2 187 5
1 444 443 3 191 3 603
1 292 348 148 296 3 249
1 504 398 44 176 3 607
1 346 454 91 254 3 409
0 297 24 3 181 5
0 544 506 3 183 6
0 94 135 3 180 1
0 193 334 3 185 1
0 192 388 3 185 3
0 28 491 3 194 3
0 37 97 3 190 5
0 76 188 3 183 3
0 535 558 3 178 1
0 406 13 3 190 5
0 22 495 3 179 2
0 489 546 3 193 6
0 514 305 3 195 1
0 554 37 3 179 4
0 304 403 3 193 5
0 434 351 3 176 1
0 243 138 3 172 2
0 244 176 3 198 6
0 127 451 3 164 5
0 540 37 3 177 2
0 400 77 3 188 6
0 487 573 3 195 3
0 27 406 3 162 4
0 287 492 3 200 1
0 406 378 3 174 1
1 341 220 76 456 4 441
1 75 148 284 107 4 313
1 332 320 282 31 4 376
0 346 112 4 182 4
0 476 429 4 176 2
0 486 180 4 178 1
0 228 312 4 176 6
0 132 394 4 163 3
0 600 373 4 184 1
0 272 435 4 172 2
0 434 355 4 176 1
0 167 172 4 186 3
0 219 576 4 189 2
0 557 489 4 192 3
0 472 553 4 178 4
0 308 160 4 183 6
0 432 92 4 180 5
0 534 85 4 192 1
0 516 122 4 191 4
0 286 419 4 162 3
0 530 524 4 164 1
1 290 268 513 177 5 316
1 191 497 518 238 5 532
1 405 554 48 473 5 450
1 321 531 307 455 5 156
1 40 175 403 295 5 477
0 103 582 5 179 6
0 301 545 5 181 4
0 326 428 5 190 5
0 48 448 5 192 3
0 272 413 5 189 4
0 460 35 5 192 4
0 405 43 5 180 6
0 577 160 5 166 6
0 114 156 5 183 3
0 512 371 5 165 4
0 204 95 5 185 3
0 94 342 5 176 2
0 139 379 5 190 5
0 328 55 5 174 1
0 80 145 5 196 2
0 83 190 5 187 4
0 518 133 5 192 6
0 12 334 5 168 2
0 103 463 5 190 6
0 596 414 5 180 6
1 111 284 83 4 6 375
1 297 589 204 409 6 304
1 45 326 563 57 6 657
0 522 288 6 189 3
0 211 22 6 192 2
0 46 569 6 198 3
0 544 158 6 193 1
0 523 540 6 180 4
0 439 3 6 181 5
0 32 296 6 192 6
0 312 94 6 177 2
0 43 520 6 188 5
0 73 519 6 181 3
0 71 488 6 183 3
0 124 131 6 180 6
0 203 557 6 174 6
0 415 36 6 193 3
0 430 51 6 186 4
0 385 486 6 188 3
0 493 582 6 180 6
0 469 376 6 190 3
0 513 487 6 180 6
0 76 100 6 174 4
0 344 514 6 191 6
0 183 532 6 175 6
1 341 447 91 231 7 415
1 198 31 354 492 7 562
1 454 147 578 517 7 500
1 569 46 366 419 7 518
0 344 513 7 195 4
0 584 380 7 189 2
0 104 482 7 221 6
0 435 84 7 198 4
0 230 448 7 185 5
0 332 543 7 191 6
0 192 67 7 183 5
0 140 107 7 182 3
0 119 290 7 179 3
0 225 139 7 178 1
0 527 253 7 180 1
0 119 35 7 187 4
0 497 463 7 179 3
0 563 564 7 177 5
0 141 502 7 184 5
0 97 61 7 175 3
0 568 134 7 180 1
0 32 516 7 158 6
1 42 396 562 231 8 663
0 111 577 8 193 2
0 188 384 8 194 2
0 517 554 8 192 3
0 457 355 8 187 2
0 260 127 8 182 3
0 360 443 8 202 1
0 226 214 8 195 5
0 89 506 8 184 4
0 428 331 8 196 5
0 547 218 8 162 1
0 339 219 8 198 1
0 573 102 8 197 2
0 322 525 8 194 5
0 476 567 8 182 4
0 375 457 8 183 1
0 103 336 8 208 3
0 386 113 8 163 1
0 56 305 8 182 5
0 196 417 8 193 6
1 151 497 391 427 9 340
1 0 234 203 330 9 332
0 85 574 9 191 2
0 335 430 9 179 4
0 189 252 9 179 4
0 308 92 9 191 2
0 492 404 9 198 2
0 538 596 9 190 4
0 462 145 9 180 3
0 561 65 9 192 5
0 357 306 9 196 1
0 389 565 9 168 1
0 276 32 9 185 5
0 175 272 9 173 1
0 550 155 9 182 5
0 161 594 9 195 3
0 510 361 9 185 4
0 81 168 9 196 5
0 361 391 9 184 4
0 406 594 9 190 2
0 16 458 9 185 6
0 34 514 9 170 3
0 498 261 9 170 2
0 19 16 9 167 5
0 415 251 9 192 3
0 552 531 9 207 1
1 426 207 426 284 10 169
1 353 35 213 247 10 358
1 162 520 48 115 10 528
1 228 12 192 478 10 577
0 593 289 10 190 4
0 540 359 10 182 5
0 237 384 10 193 4
0 599 187 10 179 5
0 371 250 10 198 1
0 557 111 10 184 4
0 51 73 10 187 2
0 235 409 10 183 1
0 64 78 10 193 5
0 521 449 10 171 5
0 511 530 10 181 4
0 27 350 10 189 4
0 467 16 10 203 6
0 311 311 10 177 1
0 245 59 10 178 1
0 166 372 10 189 4
0 244 139 10 187 1
0 503 148 10 191 5
0 434 344 10 203 6
0 272 177 10 200 3
0 146 391 10 188 4
0 94 89 10 187 5
0 246 233 10 206 6
0 476 253 10 207 5
0 364 58 10 175 2
0 67 84 10 183 2
0 514 330 10 181 1
0 182 460 11 188 3
0 45 106 11 197 3
0 151 309 11 202 2
0 569 280 11 176 3
0 504 230 11 185 3
0 331 413 11 202 5
0 376 385 11 185 2
0 275 398 11 188 3
0 201 65 11 199 4
0 455 157 11 192 4
0 526 381 11 166 2
0 21 587 11 201 3
0 472 397 11 191 2
0 570 187 11 175 3
0 260 128 11 190 6
0 547 533 11 195 3
0 230 401 11 189 1
0 367 376 11 180 4
0 111 273 11 192 1
0 181 422 11 206 6
0 177 395 11 189 1
0 49 184 11 206 1
0 431 85 11 197 2
0 344 198 11 176 3
1 556 181 141 514 12 640
0 99 159 12 194 1
0 71 504 12 201 2
0 534 59 12 186 2
0 275 175 12 183 5
0 382 570 12 192 5
0 33 513 12 202 4
0 431 217 12 196 4
0 205 525 12 174 4
0 247 486 12 175 1
0 210 31 12 194 1
0 512 368 12 178 2
0 455 307 12 206 5
0 87 95 12 192 5
0 267 566 12 172 6
0 581 186 12 193 3
0 428 279 12 202 4
0 322 62 12 190 2
0 577 452 12 200 5
0 489 271 12 204 6
0 175 98 12 194 1
0 14 276 12 189 4
1 492 55 308 421 13 510
1 233 122 159 166 13 184
0 75 63 13 182 1
0 2 176 13 207 4
0 378 261 13 166 5
0 26 465 13 190 3
0 280 260 13 203 4
0 158 384 13 185 3
0 280 47 13 197 2
0 191 388 13 182 4
0 310 288 13 188 4
0 546 181 13 191 4
0 278 43 13 186 6
0 503 505 13 194 1
0 218 279 13 182 6
0 426 32 13 210 6
0 400 448 13 191 6
0 242 158 13 182 3
0 70 215 13 185 4
0 236 44 13 198 4
0 103 517 13 197 2
0 88 452 13 212 6
0 485 465 14 173 2
0 10 447 14 181 1
0 526 271 14 176 1
0 590 150 14 197 3
0 507 319 14 177 3
0 74 37 14 187 6
0 241 50 14 194 3
0 445 202 14 191 3
0 275 222 14 182 2
0 301 472 14 193 3
0 374 529 14 172 6
0 314 34 14 196 6
0 54 565 14 200 3
0 163 535 14 186 2
0 42 495 14 217 2
0 304 306 14 200 3
0 31 157 14 198 2
0 77 517 14 177 1
0 359 576 14 175 6
0 580 358 14 188 4
0 33 333 14 187 4
0 13 310 14 205 2
0 214 198 15 192 2
0 586 302 15 208 3
0 179 554 15 194 4
0 442 249 15 199 2
0 532 426 15 200 4
0 528 340 15 195 3
0 515 348 15 204 2
0 139 27 15 192 4
0 468 179 15 185 1
0 415 14 15 205 3
0 348 306 15 184 3
0 129 407 15 198 3
0 442 372 15 203 4
0 358 172 15 189 1
0 98 103 15 193 6
0 372 171 15 199 3
0 98 488 15 195 6
0 292 423 15 193 5
0 359 38 15 205 2
1 504 292 23 341 16 586
1 430 123 105 210 16 436
0 529 270 16 201 2
0 88 327 16 208 1
0 453 403 16 181 1
0 320 379 16 199 2
0 552 332 16 193 4
0 521 215 16 193 6
0 331 96 16 196 3
0 570 222 16 186 5
0 334 382 16 169 6
0 324 423 16 209 6
0 534 534 16 207 6
0 216 275 16 183 5
0 480 228 16 195 5
0 527 473 16 190 3
0 43 216 16 209 4
0 483 253 16 192 2
0 495 317 16 191 6
0 207 429 16 178 2
0 598 266 16 184 3
0 265 550 16 179 3
0 368 40 16 212 1
0 418 36 16 207 1
0 595 122 16 183 3
1 571 514 299 15 17 674
1 27 188 219 120 17 299
0 3 16 17 196 1
0 179 222 17 183 1
0 288 162 17 178 4
0 206 252 17 207 1
0 532 170 17 206 2
0 474 466 17 208 4
0 571 154 17 171 1
0 118 507 17 195 5
0 271 57 17 195 5
0 522 18 17 211 3
0 153 539 17 193 4
0 524 203 17 203 1
0 179 397 17 191 5
0 374 165 17 192 1
0 170 548 17 198 5
0 421 443 17 209 3
0 305 469 17 182 3
0 482 105 17 190 3
0 359 553 17 181 6
0 208 506 17 180 1
1 68 284 525 514 18 610
1 294 364 440 578 18 385
0 444 144 18 192 2
0 252 303 18 189 5
0 560 205 18 201 3
0 365 11 18 191 5
0 427 350 18 216 1
0 7 598 18 205 2
0 44 152 18 193 4
0 39 448 18 203 6
0 476 488 18 196 5
0 351 321 18 211 3
0 20 233 18 204 5
0 156 156 18 198 6
0 494 115 18 193 5
0 547 396 18 204 6
0 494 389 18 200 2
0 87 497 18 208 6
0 294 586 18 197 5
0 442 463 18 202 5
0 149 240 18 193 2
1 84 502 114 97 19 507
0 309 373 19 176 4
0 184 401 19 198 2
0 88 449 19 190 6
0 101 169 19 197 5
0 233 128 19 208 4
0 518 109 19 209 2
0 77 81 19 179 3
0 401 341 19 194 4
0 205 286 19 205 1
0 196 159 19 189 5
0 98 415 19 178 1
0 37 68 19 189 4
0 504 163 19 201 3
0 161 217 19 207 4
0 98 410 19 213 5
0 248 267 19 181 5
0 247 460 19 196 3
0 214 228 19 190 3
0 515 82 19 194 1
0 517 246 19 188 6
0 333 552 19 189 3
0 345 416 19 175 3
0 204 26 19 190 5
0 18 423 19 209 6
1 316 344 388 250 20 233
1 507 172 80 130 20 544
1 191 203 160 21 20 271
0 248 263 20 194 5
0 492 361 20 206 1
0 110 175 20 209 4
0 125 487 20 199 2
0 134 599 20 204 6
0 132 362 20 207 3
0 137 3 20 190 4
0 220 24 20 197 1
0 552 52 20 195 4
0 357 221 20 186 5
0 115 142 20 200 1
0 415 39 20 201 4
0 516 503 20 204 5
0 285 544 20 214 4
0 411 291 20 193 5
1 371 355 413 89 21 386
0 58 537 21 181 3
0 274 352 21 203 6
0 500 242 21 201 5
0 142 315 21 188 5
0 48 579 21 199 6
0 310 163 21 196 1
0 577 155 21 202 1
0 113 240 21 207 1
0 322 177 21 206 1
0 278 33 21 202 4
0 415 307 21 197 3
0 484 146 21 195 1
0 430 262 21 179 6
0 64 314 21 188 2
0 301 424 21 197 6
0 154 507 21 198 3
1 597 331 117 278 22 599
0 366 282 22 183 4
0 365 497 22 203 5
0 203 506 22 194 4
0 185 65 22 194 4
0 459 356 22 195 5
0 553 356 22 195 3
0 20 234 22 194 6
0 0 188 22 211 3
0 229 488 22 206 6
0 65 569 22 190 5
0 194 312 22 204 3
0 576 466 22 186 6
0 338 38 22 208 6
0 445 552 22 191 6
0 585 45 22 201 5
0 47 47 22 205 2
0 521 490 22 214 2
0 455 184 22 203 5
1 6 90 510 239 23 646
0 255 281 23 208 6
0 139 453 23 203 2
0 66 219 23 216 2
0 59 573 23 177 2
0 10 241 23 194 3
0 297 282 23 199 1
0 212 133 23 210 5
0 490 310 23 201 5
0 392 223 23 204 5
0 71 364 23 214 3
0 89 171 23 197 1
0 241 427 23 198 2
0 215 230 23 199 2
0 10 465 23 196 3
0 588 57 23 200 5
0 170 554 23 215 4
0 187 12 23 219 1
0 159 209 23 218 3
0 332 142 23 205 1
0 217 357 23 201 1
1 556 53 310 446 24 575
1 126 189 361 392 24 413
0 418 289 24 178 6
0 586 191 24 201 4
0 246 148 24 185 6
0 581 563 24 209 1
0 389 501 24 219 4
0 215 246 24 207 2
0 233 503 24 208 3
0 43 219 24 222 3
0 328 126 24 194 1
0 81 420 24 195 5
0 303 364 24 198 2
0 120 587 24 210 2
0 381 231 24 209 4
0 346 128 24 200 1
0 473 257 24 203 3
0 347 350 24 209 1
0 548 497 25 203 6
0 126 51 25 193 1
0 288 301 25 198 3
0 513 370 25 218 1
0 337 464 25 213 3
0 87 74 25 189 4
0 223 482 25 187 1
0 464 308 25 218 1
0 191 284 25 213 4
0 304 495 25 186 1
0 208 446 25 212 4
0 176 563 25 187 1
0 386 571 25 207 2
0 244 595 25 202 4
0 455 517 25 217 1
0 54 48 25 207 6
0 272 446 25 219 1
0 579 441 25 200 4
0 416 295 25 205 1
0 117 23 25 217 3
0 316 335 25 211 6
1 384 448 552 338 26 327
1 392 243 16 293 26 477
1 47 418 466 372 26 531
0 441 151 26 205 4
0 20 150 26 200 1
0 260 363 26 194 2
0 542 270 26 210 3
0 44 116 26 202 3
0 287 299 26 208 3
0 253 14 26 209 6
0 83 99 26 218 6
0 596 40 26 203 4
0 151 335 26 200 5
0 323 566 26 206 1
0 565 29 26 170 5
0 125 567 26 220 5
0 399 138 26 215 5
0 155 83 26 210 2
0 22 424 26 195 6
0 163 410 26 197 6
1 424 9 45 485 27 723
1 457 278 247 52 27 435
0 105 83 27 210 2
0 353 210 27 221 4
0 479 238 27 195 6
0 294 56 27 225 2
0 428 498 27 206 6
0 319 38 27 201 2
0 273 62 27 210 1
0 0 559 27 197 2
0 465 449 27 186 1
0 477 319 27 199 6
0 139 426 27 196 4
0 417 197 27 211 4
0 391 10 27 217 5
0 363 119 27 221 5
0 336 69 27 208 6
0 369 553 27 214 5
0 168 336 27 206 2
0 349 186 27 210 2
0 210 365 27 212 6
1 177 564 152 340 28 342
0 184 581 28 214 6
0 95 215 28 212 1
0 324 20 28 201 5
0 528 445 28 200 5
0 236 60 28 212 2
0 198 333 28 214 4
0 85 321 28 211 2
0 74 35 28 207 1
0 400 354 28 226 4
0 595 475 28 218 2
0 114 3 28 231 5
0 91 550 28 210 4
0 333 120 28 201 3
0 266 473 28 200 5
0 277 548 28 224 5
0 338 225 28 204 5
0 552 405 29 206 3
0 414 153 29 198 3
0 85 447 29 205 2
0 18 202 29 202 4
0 496 313 29 212 5
0 276 27 29 204 1
0 140 429 29 212 4
0 177 35 29 225 2
0 245 99 29 206 1
0 237 404 29 213 5
0 489 84 29 209 1
0 267 437 29 208 2
0 449 500 29 214 5
0 30 62 29 195 2
0 244 225 29 218 4
0 364 499 29 204 4
0 451 77 29 213 2
0 200 187 29 203 6
0 51 286 29 204 4
0 176 186 29 209 4
0 6 303 29 201 5
0 153 113 29 209 1
0 381 374 29 202 1
0 200 180 29 203 4
0 95 35 29 223 6
0 330 339 29 212 2
0 238 410 29 208 3
1 273 476 548 390 30 406
1 580 303 194 160 30 539
1 143 173 242 577 30 543
0 107 78 30 206 1
0 564 495 30 205 3
0 222 401 30 200 2
0 199 498 30 227 4
0 48 319 30 195 2
0 144 205 30 208 4
0 207 34 30 209 4
0 347 352 30 200 5
0 86 68 30 209 6
0 494 491 30 195 3
0 576 376 30 207 2
0 388 196 30 200 4
1 136 73 96 270 31 315
0 97 67 31 216 3
0 579 80 31 221 5
0 2 429 31 219 6
0 7 525 31 218 4
0 61 485 31 205 3
0 436 127 31 209 4
0 363 251 31 210 4
0 93 363 31 204 5
0 411 266 31 223 2
0 598 474 31 224 4
0 453 77 31 222 2
0 23 559 31 207 6
0 381 173 31 216 2
0 75 32 31 224 5
0 551 510 31 193 1
0 479 125 31 212 4
0 229 244 31 217 6
0 340 163 31 203 5
0 4 347 31 227 2
0 234 422 31 211 4
0 426 250 31 189 6
0 297 260 31 221 2
0 220 341 31 192 4
1 369 219 160 142 32 325
0 202 500 32 225 5
0 215 172 32 202 3
0 239 401 32 193 1
0 497 375 32 196 6
0 382 354 32 211 5
0 336 211 32 209 4
0 51 42 32 193 5
0 587 212 32 209 5
0 494 263 32 217 2
0 501 475 32 223 3
0 81 266 32 210 4
0 521 247 32 220 1
0 327 216 32 220 3
0 181 75 32 222 4
0 379 529 32 227 1
1 322 253 35 452 33 477
1 257 408 377 311 33 276
1 113 47 273 158 33 317
1 395 64 508 29 33 232
0 190 68 33 234 3
0 308 229 33 217 4
0 524 198 33 225 1
0 314 400 33 188 2
0 370 220 33 218 6
0 279 467 33 218 4
0 579 524 33 204 2
0 41 451 33 203 2
0 149 505 33 213 3
0 387 239 33 205 2
0 202 580 33 219 4
0 394 164 33 201 1
0 509 289 33 219 3
0 249 502 33 197 2
0 102 513 33 215 5
0 209 500 33 215 5
0 476 360 33 191 6
0 302 93 33 209 6
0 533 597 34 206 6
0 456 519 34 216 3
0 240 28 34 205 1
0 354 24 34 230 2
0 465 470 34 211 2
0 167 381 34 201 2
0 229 419 34 214 1
0 168 524 34 221 1
0 171 286 34 204 5
0 307 323 34 206 2
0 549 325 34 215 3
0 280 403 34 206 4
0 584 229 34 214 2
0 22 480 34 237 4
0 471 92 34 215 2
0 170 305 34 197 4
0 155 322 34 226 2
0 384 192 34 210 3
0 3 250 34 224 1
0 406 62 34 215 2
0 319 430 34 210 1
0 287 209 34 218 5
0 42 579 34 205 1
0 216 177 34 215 5
0 290 598 34 220 1
0 61 384 34 217 4
1 205 582 96 76 35 644
0 119 552 35 224 2
0 95 450 35 223 2
0 331 372 35 216 1
0 178 146 35 236 3
0 525 388 35 207 3
0 568 393 35 221 5
0 436 251 35 213 6
0 528 160 35 212 3
0 497 233 35 219 5
0 226 425 35 217 6
0 549 355 35 220 2
0 330 50 35 215 5
0 322 365 35 222 4
0 163 250 35 213 1
0 399 262 35 211 4
0 470 431 35 222 2
0 268 230 35 202 1
1 117 95 381 485 36 590
1 161 520 183 495 36 165
0 95 298 36 219 6
0 296 443 36 214 5
0 195 215 36 226 6
0 47 120 36 219 4
0 71 151 36 222 3
0 108 79 36 216 4
0 466 266 36 213 6
0 196 23 36 225 6
0 497 494 36 218 2
0 254 138 36 229 4
0 265 454 36 213 2
0 387 558 36 204 4
0 48 415 36 224 2
0 382 398 36 240 4
0 518 399 36 222 2
0 250 386 36 229 4
0 399 316 36 233 1
0 223 88 36 203 3
0 71 483 36 221 4
0 472 382 36 207 4
0 162 9 36 196 4
0 31 516 36 216 5
0 209 188 36 214 6
0 540 426 36 212 6
0 499 361 36 211 1
0 393 500 36 222 1
0 268 475 36 199 3
0 481 471 36 227 6
0 118 50 36 237 1
0 552 215 36 215 5
1 227 131 361 471 37 496
1 84 577 441 143 37 682
0 266 391 37 215 2
0 74 2 37 210 5
0 554 252 37 228 1
0 338 146 37 215 4
0 420 195 37 221 4
0 130 248 37 235 6
0 39 135 37 206 5
0 66 134 37 227 3
0 375 343 37 230 4
0 339 584 37 220 4
0 529 241 37 218 6
0 58 246 37 229 5
0 77 235 37 208 1
0 512 332 37 221 6
0 15 134 37 219 1
0 353 300 37 226 2
0 396 123 37 215 4
0 58 315 37 223 6
0 464 278 37 237 1
0 393 71 37 217 4
1 155 4 287 553 38 710
0 41 568 38 203 1
0 11 530 38 219 6
0 372 398 38 217 4
0 94 240 38 206 6
0 574 381 38 215 2
0 5 4 38 236 2
0 28 209 38 220 1
0 381 110 38 210 3
0 468 361 38 236 4
0 133 271 38 243 2
0 182 443 38 215 1
0 415 574 38 206 1
0 408 195 38 221 6
0 571 336 38 221 3
0 323 549 38 221 6
0 566 411 38 229 3
0 95 259 38 222 1
0 108 306 38 211 4
0 522 253 38 209 2
0 98 490 38 224 1
0 524 345 38 226 4
0 219 418 38 224 5
0 430 406 38 203 1
1 186 32 477 17 39 420
1 355 567 259 255 39 451
0 87 285 39 210 1
0 233 540 39 190 2
0 436 500 39 217 3
0 237 465 39 232 6
0 422 353 39 220 1
0 182 276 39 228 3
0 65 525 39 237 3
0 153 269 39 213 5
0 30 554 39 209 3
0 225 496 39 181 4
0 39 462 39 222 1
0 37 84 39 221 5
0 93 368 39 202 5
0 115 310 39 220 1
0 306 526 39 207 3
0 567 252 39 224 6
0 525 408 39 226 2
1 456 162 441 474 40 446
1 22 123 205 45 40 321
1 350 84 2 56 40 462
1 262 422 247 209 40 344
1 394 221 21 141 40 519
1 526 61 446 250 40 348
0 456 176 40 225 5
0 286 233 40 199 1
0 52 255 40 224 4
0 304 396 40 245 4
0 73 263 40 234 1
0 317 118 40 203 6
0 597 126 40 213 3
0 395 94 40 236 2
0 197 179 40 223 4
0 113 161 40 237 3
0 95 539 40 214 4
0 55 476 40 224 4
0 2 257 40 219 3
0 170 48 40 212 1
0 243 208 40 208 5
0 50 315 40 214 5
0 459 216 40 207 6
0 540 103 40 231 4
0 535 507 40 219 5
0 127 557 40 220 3
1 453 505 391 58 41 581
0 348 584 41 207 1
0 597 534 41 210 5
0 24 517 41 208 3
0 1 102 41 230 2
0 492 339 41 223 3
0 185 401 41 213 4
0 317 183 41 233 1
0 110 446 41 225 1
0 164 340 41 222 5
0 7 433 41 198 3
0 486 547 41 226 3
0 179 359 41 235 5
0 142 286 41 226 2
0 253 101 41 224 5
0 496 148 41 240 6
0 373 256 41 205 3
0 230 251 41 228 6
0 102 47 41 208 1
0 186 143 41 222 3
0 443 384 41 233 3
0 206 589 41 216 2
1 403 213 269 584 42 525
1 576 161 205 260 42 518
1 371 476 38 352 42 479
1 278 551 588 526 42 446
0 338 235 42 231 2
0 148 134 42 221 5
0 455 389 42 235 1
0 568 393 42 212 3
0 400 579 42 218 1
0 385 456 42 205 6
0 528 381 42 223 3
0 296 548 42 224 3
0 565 108 42 237 1
0 171 254 42 220 2
0 51 426 42 218 3
0 232 111 42 227 4
0 356 554 42 225 2
0 157 107 42 230 5
0 245 600 42 208 6
0 212 268 42 211 3
0 62 572 42 229 2
0 497 190 42 235 6
0 541 323 42 207 1
1 363 13 414 272 43 405
1 26 216 517 286 43 635
1 85 260 188 66 43 353
0 191 204 43 214 2
0 396 453 43 217 6
0 530 173 43 220 5
0 336 66 43 223 1
0 206 328 43 240 5
0 498 146 43 227 4
0 194 142 43 239 1
0 54 342 43 225 2
0 372 81 43 233 3
0 328 75 43 221 6
0 55 238 43 234 4
0 120 109 43 213 2
0 540 572 43 206 4
0 21 303 43 228 1
0 485 46 43 220 3
0 290 429 43 244 5
0 180 463 43 202 6
1 507 385 569 320 44 222
0 269 244 44 225 2
0 62 519 44 211 1
0 208 240 44 235 6
0 513 129 44 228 6
0 31 368 44 226 5
0 532 187 44 232 6
0 426 364 44 218 5
0 159 294 44 221 2
0 20 98 44 223 3
0 17 178 44 231 2
0 86 447 44 202 6
0 43 177 44 222 1
0 56 131 44 218 2
0 407 188 44 208 5
0 334 188 44 213 2
0 301 417 44 225 3
1 355 271 401 516 45 371
1 172 29 548 484 45 733
0 1 373 45 224 6
0 331 202 45 231 5
0 225 506 45 213 2
0 341 390 45 226 5
0 499 318 45 225 4
0 27 381 45 236 2
0 438 429 45 238 4
0 193 514 45 221 3
0 472 185 45 235 5
0 350 122 45 223 3
0 405 266 45 213 1
0 491 479 45 231 2
0 25 430 45 231 4
0 310 244 45 248 6
0 201 333 45 213 4
0 592 287 45 224 2
0 81 503 45 231 2
0 375 587 45 222 5
0 294 548 45 247 4
0 599 215 45 199 4
0 229 205 45 229 5
0 94 352 45 212 4
0 36 517 45 245 3
0 500 320 45 231 3
0 340 242 45 224 6
0 471 30 45 223 4
0 222 520 45 218 6
0 566 100 45 240 2
0 245 408 45 230 4
0 461 142 45 236 3
0 443 434 45 232 1
0 575 346 45 231 5
1 365 6 454 359 46 496
1 565 102 218 218 46 492
1 382 365 448 557 46 350
0 483 422 46 228 6
0 304 111 46 223 6
0 396 326 46 206 2
0 157 74 46 210 2
0 41 349 46 210 3
0 539 114 46 233 6
0 508 410 46 225 4
0 224 223 46 224 4
0 230 43 46 230 6
0 400 344 46 215 2
0 471 470 46 220 1
0 125 251 46 213 4
0 173 487 46 224 1
0 93 316 46 232 1
1 144 160 559 591 47 748
1 341 88 417 37 47 223
0 364 412 47 234 4
0 581 481 47 224 4
0 83 218 47 232 5
0 87 186 47 210 3
0 486 450 47 224 3
0 94 57 47 222 5
0 244 574 47 227 4
0 426 497 47 229 5
0 577 154 47 227 5
0 323 591 47 231 3
0 460 166 47 244 2
0 265 298 47 221 3
0 424 226 47 229 5
0 104 420 47 222 3
0 340 545 47 235 1
0 140 189 48 234 3
0 527 140 48 217 3
0 399 265 48 226 2
0 587 123 48 234 4
0 242 122 48 224 1
0 62 507 48 220 4
0 143 142 48 215 3
0 522 346 48 225 6
0 387 286 48 233 2
0 290 453 48 218 6
0 488 289 48 225 2
0 73 465 48 228 6
0 482 201 48 230 3
0 55 549 48 215 5
0 272 181 48 218 5
0 175 136 48 228 2
0 369 569 48 229 6
0 416 33 48 220 6
0 513 590 48 234 3
0 528 321 48 211 5
1 215 47 35 185 49 365
1 469 583 305 33 49 690
0 275 131 49 227 2
0 57 368 49 233 4
0 523 357 49 229 1
0 516 346 49 211 4
0 598 410 49 234 1
0 512 390 49 220 2
0 8 132 49 219 6
0 282 87 49 223 5
0 186 428 49 227 1
0 483 359 49 234 4
0 426 64 49 225 5
0 448 207 49 222 5
0 510 130 49 227 6
0 66 90 49 233 4
0 281 559 49 222 6
0 15 477 49 243 6
0 499 263 49 232 6
0 462 127 49 217 3
0 32 286 49 235 3
0 489 363 49 236 2
0 413 288 49 221 3
1 199 353 55 177 50 358
0 497 545 50 236 1
0 403 437 50 244 5
0 47 270 50 215 3
0 106 522 50 205 1
0 299 345 50 231 3
0 32 326 50 231 2
0 227 149 50 227 1
0 296 420 50 240 6
0 519 546 50 226 4
0 93 111 50 218 4
0 1 438 50 241 5
0 316 523 50 234 6
0 522 497 50 236 5
0 501 300 50 222 4
0 538 9 50 241 4
0 25 598 50 250 5
1 478 586 557 405 51 343
1 433 102 288 364 51 443
0 97 75 51 231 5
0 135 2 51 239 3
0 45 58 51 218 3
0 114 493 51 247 1
0 214 213 51 235 4
0 531 438 51 238 3
0 27 99 51 235 4
0 37 125 51 233 5
0 332 237 51 240 5
0 217 592 51 228 5
0 409 122 51 223 5
0 509 296 51 231 2
0 461 263 51 228 5
0 382 252 51 244 6
0 245 83 52 223 1
0 133 381 52 215 1
0 126 78 52 228 5
0 36 48 52 212 2
0 214 8 52 241 2
0 198 11 52 229 5
0 72 208 52 225 3
0 418 233 52 242 6
0 5 357 52 236 4
0 358 421 52 217 6
0 51 418 52 221 3
0 176 28 52 232 2
0 110 51 52 232 4
0 509 595 52 218 2
0 158 193 52 237 3
0 244 448 52 220 3
0 113 507 52 243 4
0 103 232 52 243 4
0 99 370 52 240 1
0 356 316 52 232 1
0 490 346 52 245 4
0 391 484 52 225 3
0 419 126 52 244 5
0 538 447 52 225 5
0 411 402 52 234 5
0 387 442 53 245 5
0 532 204 53 248 5
0 439 181 53 246 3
0 78 13 53 236 5
0 20 17 53 252 2
0 42 239 53 229 4
0 520 17 53 224 6
0 211 25 53 209 6
0 203 220 53 233 1
0 233 106 53 225 1
0 466 547 53 248 6
0 172 424 53 238 1
0 359 104 53 231 5
0 166 353 53 222 2
0 265 19 53 221 4
0 476 133 53 246 2
0 14 353 53 245 2
0 258 378 53 216 4
0 0 46 53 239 2
0 216 53 53 227 5
0 236 99 53 226 1
0 152 244 53 215 4
0 111 175 53 227 1
0 242 289 54 248 4
0 144 162 54 237 3
0 571 390 54 216 3
0 111 104 54 223 1
0 176 357 54 226 5
0 49 199 54 243 3
0 502 484 54 235 2
0 328 593 54 224 1
0 418 596 54 235 2
0 384 535 54 235 4
0 328 241 54 234 5
0 72 242 54 229 3
0 169 74 54 229 2
0 383 518 54 233 4
0 11 521 54 234 6
0 390 507 54 229 2
0 466 588 55 219 6
0 176 332 55 229 2
0 405 179 55 240 3
0 404 569 55 236 3
0 155 272 55 247 6
0 234 290 55 236 4
0 565 595 55 224 6
0 373 487 55 230 4
0 119 78 55 234 3
0 3 64 55 237 1
0 458 142 55 253 6
0 278 525 55 245 5
0 437 35 55 235 1
0 139 93 55 225 2
0 152 569 55 246 3
0 503 492 55 233 6
0 10 398 56 231 5
0 244 57 56 237 6
0 482 562 56 231 1
0 160 374 56 252 4
0 515 359 56 237 4
0 595 336 56 243 1
0 124 421 56 237 6
0 241 331 56 233 3
0 274 254 56 239 2
0 505 384 56 226 4
0 338 399 56 223 6
0 240 566 56 238 6
0 586 257 56 237 6
0 565 386 56 232 2
0 506 566 56 221 6
0 496 570 57 255 2
0 304 382 57 250 3
0 532 513 57 230 2
0 428 102 57 248 5
0 126 272 57 250 2
0 321 595 57 237 1
0 298 418 57 230 3
0 311 125 57 229 1
0 323 73 57 254 5
0 288 471 57 235 2
0 592 340 57 241 5
0 599 582 57 236 4
0 69 266 57 246 3
0 7 24 57 249 1
0 220 203 57 236 6
0 278 524 57 238 4
0 131 199 57 234 1
0 550 232 57 242 2
0 572 464 57 219 4
0 302 575 58 238 2
0 464 538 58 249 5
0 172 489 58 236 1
0 271 84 58 243 1
0 29 569 58 236 3
0 537 16 58 266 2
0 178 593 58 230 6
0 548 495 58 262 2
0 313 558 58 254 1
0 516 324 58 240 2
0 49 175 58 226 3
0 47 395 58 239 2
0 117 288 58 237 4
0 400 323 58 242 5
0 542 491 58 252 2
0 123 312 58 232 3
0 463 551 58 233 5
0 213 273 58 229 5
0 87 595 58 222 6
0 231 162 58 235 4
0 130 514 58 248 3
0 520 401 58 240 1
0 239 288 58 245 5
0 393 104 58 247 5
0 247 541 58 231 6
0 516 411 59 244 3
0 494 293 59 227 6
0 119 211 59 244 1
0 327 127 59 249 1
0 453 347 59 236 2
0 564 490 59 210 2
0 44 585 59 228 5
0 432 315 59 254 3
0 506 534 59 215 3
0 84 454 59 229 4
0 361 336 59 248 5
0 504 451 59 235 2
0 427 285 59 260 2
0 25 171 59 256 3
0 259 10 59 254 1
0 345 290 59 238 6
0 331 335 59 233 6
0 376 116 59 252 5
0 225 314 59 242 5
0 192 344 59 263 6
0 311 198 59 239 6
0 224 171 59 240 1
0 143 276 59 240 2
0 483 262 59 232 4
0 290 356 60 254 1
0 569 205 60 239 4
0 140 365 60 238 1
0 36 116 60 247 1
0 88 577 60 226 3
0 332 0 60 231 3
0 219 588 60 228 3
0 538 305 60 243 4
0 376 524 60 258 5
0 164 179 60 239 4
0 571 34 60 229 2
0 155 516 60 240 2
0 435 227 60 246 6
0 268 518 60 230 4
0 301 176 60 230 3
0 481 239 60 254 1
0 595 205 60 243 4
0 140 387 60 231 4
0 239 275 60 226 1
0 597 21 60 236 6
0 363 600 60 243 4
0 20 176 60 237 6
0 492 221 61 260 4
0 465 243 61 229 3
0 330 22 61 244 6
0 319 155 61 229 2
0 87 11 61 241 2
0 211 190 61 241 3
0 509 367 61 245 5
0 197 14 61 230 5
0 241 203 61 225 6
0 450 332 61 233 5
0 497 455 61 231 2
0 383 139 61 252 4
0 299 116 61 238 5
0 71 571 61 254 1
0 177 576 61 236 2
0 480 12 62 229 5
0 19 423 62 232 1
0 187 379 62 261 2
0 419 171 62 250 2
0 462 423 62 247 6
0 96 461 62 230 5
0 579 540 62 239 2
0 600 32 62 234 2
0 215 460 62 231 4
0 470 506 62 243 1
0 107 411 62 221 5
0 368 571 62 253 1
0 405 391 62 252 6
0 107 538 62 219 1
0 341 419 62 246 4
0 473 529 62 247 4
0 354 54 62 253 4
0 125 568 62 242 4
0 447 178 62 234 4
0 204 298 63 242 5
0 476 190 63 244 1
0 387 11 63 233 6
0 209 537 63 242 1
0 424 382 63 232 3
0 390 33 63 231 3
0 420 187 63 233 1
0 532 437 63 248 5
0 565 380 63 256 5
0 478 366 63 255 1
0 213 30 63 238 5
0 87 240 63 251 2
0 237 590 63 223 2
0 122 187 63 245 6
0 345 545 63 225 1
0 214 315 63 232 6
0 508 126 63 234 2
0 542 142 63 244 1
0 136 147 63 253 2
0 128 55 63 236 6
0 439 354 64 254 4
0 422 75 64 238 5
0 542 566 64 251 3
0 298 583 64 256 2
0 147 208 64 240 6
0 334 354 64 230 1
0 97 333 64 240 3
0 589 13 64 244 1
0 554 538 64 233 5
0 140 501 64 231 6
0 318 446 64 238 2
0 588 464 64 237 6
0 63 350 64 249 2
0 277 126 64 259 4
0 234 514 64 232 4
0 196 1 64 242 3
0 458 454 64 245 6
0 293 69 64 248 5
0 0 205 64 228 5
0 192 600 64 258 3
0 522 196 64 254 3
0 57 208 64 250 1
0 302 469 65 234 1
0 90 594 65 242 1
0 51 379 65 237 6
0 523 327 65 241 5
0 237 58 65 254 3
0 503 98 65 244 5
0 244 32 65 232 4
0 266 511 65 231 5
0 274 488 65 244 1
0 558 589 65 249 1
0 554 192 65 232 5
0 332 364 65 251 3
0 167 216 65 249 2
0 3 523 65 216 4
0 205 522 65 250 5
0 231 577 65 242 3
0 339 358 65 243 1
0 196 159 65 241 1
0 457 497 65 257 6
0 407 153 65 239 3
0 554 133 65 239 4
0 298 267 65 238 5
0 452 25 65 239 1
0 250 187 65 245 5
0 347 456 65 249 1
0 481 291 65 259 5
0 317 68 66 245 5
0 501 572 66 233 3
0 46 263 66 249 2
0 357 322 66 231 2
0 512 421 66 264 1
0 167 375 66 239 1
0 587 173 66 252 3
0 211 8 66 230 6
0 90 57 66 239 6
0 384 518 66 258 3
0 140 128 66 234 2
0 450 483 66 242 1
0 57 272 66 244 4
0 423 387 66 271 4
0 333 414 66 241 6
0 44 277 66 244 2
0 531 63 66 245 1
0 155 23 67 246 1
0 7 304 67 244 2
0 565 114 67 250 3
0 266 520 67 258 6
0 259 576 67 244 1
0 91 318 67 226 4
0 431 587 67 236 1
0 464 390 67 250 3
0 263 406 67 251 4
0 258 494 67 254 1
0 332 452 67 248 4
0 469 0 67 249 5
0 582 224 67 249 5
0 190 15 67 254 2
0 501 585 67 246 4
0 560 123 67 266 6
0 440 93 67 257 4
0 579 7 67 249 1
0 303 451 67 235 3
0 274 119 67 252 3
0 320 570 67 249 2
0 168 520 68 254 4
0 458 216 68 246 6
0 319 18 68 259 2
0 343 527 68 257 4
0 374 249 68 250 2
0 54 235 68 238 5
0 422 458 68 239 6
0 550 351 68 244 3
0 501 318 68 232 4
0 34 446 68 254 3
0 211 23 68 262 6
0 568 268 68 252 1
0 524 114 68 252 3
0 154 460 68 220 4
0 325 392 68 271 5
0 209 322 68 255 1
0 463 231 68 235 6
0 12 351 68 244 4
0 181 216 69 249 5
0 474 26 69 263 1
0 390 351 69 242 3
0 175 229 69 254 4
0 57 485 69 241 6
0 106 447 69 258 5
0 102 434 69 255 5
0 156 215 69 247 2
0 65 299 69 243 6
0 55 89 69 256 2
0 124 510 69 260 4
0 243 14 69 253 3
0 373 145 69 255 4
0 85 52 69 250 2
0 359 65 69 249 6
0 468 127 69 243 1
0 233 74 69 240 6
0 19 156 69 243 2
0 31 566 69 245 6
0 197 84 69 248 5
0 45 315 69 249 2
0 215 138 69 253 4
0 358 591 69 249 1
0 92 6 70 237 4
0 141 249 70 259 6
0 16 551 70 241 2
0 293 266 70 261 1
0 417 467 70 245 5
0 405 112 70 253 1
0 471 75 70 248 3
0 41 497 70 260 2
0 153 491 70 240 6
0 481 308 70 238 4
0 65 272 70 235 5
0 26 283 70 231 5
0 451 431 70 252 4
0 355 531 70 249 6
0 143 208 70 243 1
0 232 15 70 266 3
0 263 350 70 252 4
0 497 366 70 247 2
0 351 238 71 245 1
0 293 66 71 240 3
0 481 301 71 250 4
0 538 316 71 256 4
0 135 236 71 257 6
0 319 481 71 263 2
0 214 426 71 266 2
0 92 397 71 252 4
0 7 141 71 224 6
0 180 547 71 246 5
0 504 443 71 233 2
0 298 449 71 261 2
0 28 312 71 233 3
0 356 360 71 259 2
0 161 134 71 246 6
0 537 170 71 245 4
0 327 301 71 260 1
0 305 401 71 251 6
0 581 401 71 253 4
0 159 178 71 235 4
0 524 459 72 259 2
0 376 123 72 255 1
0 516 489 72 252 2
0 179 232 72 236 3
0 325 104 72 262 2
0 261 83 72 230 5
0 21 220 72 256 2
0 43 12 72 261 6
0 476 581 72 265 4
0 73 199 72 248 1
0 288 375 72 258 6
0 123 97 72 262 1
0 173 407 72 259 6
0 487 184 72 242 4
0 309 366 72 274 3
0 482 335 72 261 1
0 309 416 72 248 5
0 99 146 72 259 2
0 194 151 72 248 2
0 84 93 72 253 4
0 329 147 72 268 1
0 311 207 72 228 1
0 196 130 73 260 2
0 326 86 73 262 3
0 490 33 73 253 3
0 216 316 73 256 3
0 403 80 73 246 4
0 183 351 73 261 2
0 561 156 73 257 5
0 36 199 73 240 1
0 568 104 73 243 2
0 234 97 73 271 5
0 147 327 73 240 3
0 337 216 73 250 5
0 101 288 73 256 4
0 157 171 73 253 1
0 472 195 73 253 4
0 274 485 73 257 3
0 568 136 73 263 3
0 156 39 73 263 5
0 423 141 74 242 1
0 287 311 74 263 3
0 59 571 74 264 1
0 310 374 74 253 1
0 398 406 74 273 3
0 572 422 74 256 6
0 568 294 74 233 3
0 406 369 74 240 4
0 75 168 74 241 4
0 593 102 74 255 2
0 429 227 74 256 6
0 586 435 74 259 5
0 109 317 74 282 2
0 140 532 74 239 2
0 511 427 74 238 1
0 298 554 74 252 5
0 405 263 74 254 1
0 75 365 74 253 3
0 20 593 75 250 6
0 455 36 75 257 6
0 87 316 75 260 1
0 516 273 75 252 3
0 391 399 75 264 3
0 381 189 75 248 5
0 252 228 75 259 6
0 425 556 75 267 3
0 325 484 75 274 1
0 515 226 75 262 6
0 84 11 75 269 1
0 85 158 75 259 2
0 533 445 75 247 1
0 542 457 75 249 4
0 349 290 75 249 4
0 305 154 75 266 4
0 302 299 75 253 6
0 18 89 75 279 2
0 64 453 75 257 5
0 526 227 75 238 5
0 120 435 75 251 3
0 262 142 75 261 4
0 156 342 76 266 2
0 303 127 76 236 4
0 284 204 76 258 2
0 366 574 76 254 1
0 407 31 76 242 5
0 353 513 76 248 3
0 98 107 76 260 4
0 206 90 76 272 4
0 461 531 76 241 5
0 89 380 76 234 5
0 407 271 76 257 6
0 430 96 76 242 1
0 410 487 76 250 2
0 509 140 76 254 5
0 41 387 76 264 2
0 302 275 77 269 5
0 196 433 77 267 6
0 181 50 77 261 4
0 190 138 77 258 1
0 502 45 77 253 2
0 561 577 77 249 1
0 351 511 77 255 6
0 343 404 77 252 6
0 7 83 77 259 1
0 566 189 77 258 3
0 278 444 77 239 2
0 201 80 77 253 5
0 200 114 77 254 4
0 157 217 77 258 4
0 472 374 77 242 1
0 38 400 77 251 4
0 259 535 77 251 3
0 574 182 77 253 5
0 67 136 77 264 6
0 341 262 77 248 3
0 229 405 77 247 3
0 344 544 77 261 6
0 514 299 77 256 4
0 168 472 77 259 6
0 290 463 77 254 4
0 345 485 77 251 5
0 156 351 77 261 1
0 443 183 77 234 4
0 291 66 77 269 2
0 544 492 77 253 1
0 28 427 77 237 5
0 133 83 77 260 1
0 591 473 78 262 6
0 47 575 78 252 2
0 462 0 78 242 4
0 205 324 78 263 4
0 566 401 78 241 3
0 163 490 78 252 6
0 220 341 78 257 3
0 318 481 78 256 3
0 38 497 78 244 5
0 359 423 78 262 1
0 116 122 78 268 6
0 119 545 78 241 5
0 57 19 78 261 5
0 155 15 78 249 3
0 321 215 78 234 5
0 566 47 78 255 2
0 458 24 79 256 5
0 132 74 79 270 5
0 33 112 79 243 4
0 262 219 79 246 3
0 121 252 79 256 2
0 569 500 79 262 6
0 81 188 79 257 2
0 221 429 79 245 1
0 595 1 79 276 1
0 227 229 79 259 3
0 373 263 79 257 2
0 312 266 79 270 2
0 14 441 79 244 1
0 437 502 79 271 1
0 424 164 79 251 1
0 595 83 79 266 4
0 421 93 79 268 2
0 163 195 79 268 4
0 473 407 79 263 1
0 216 407 79 244 2
0 49 442 79 255 6
0 369 346 79 263 2
0 582 30 79 266 1
0 264 169 79 250 6
0 345 381 79 249 5
0 533 108 79 262 6
0 259 563 79 256 6
0 432 426 79 273 6
0 23 67 79 253 3
0 254 223 80 257 2
0 351 46 80 258 5
0 34 501 80 248 5
0 113 415 80 261 1
0 344 228 80 262 2
0 157 271 80 241 4
0 173 495 80 257 5
0 492 29 80 263 1
0 552 253 80 263 6
0 256 354 80 248 3
0 136 52 80 257 2
0 453 515 80 270 6
0 163 253 80 262 5
0 358 565 80 249 3
0 309 484 80 247 1
0 574 486 80 247 2
0 250 268 80 238 6
0 498 224 80 261 2
0 128 126 81 256 6
0 568 25 81 243 1
0 222 503 81 275 5
0 53 73 81 262 1
0 200 407 81 249 6
0 168 592 81 271 1
0 18 495 81 231 6
0 497 121 81 265 1
0 246 454 81 253 3
0 150 279 81 275 5
0 97 88 81 262 6
0 1 472 81 249 6
0 224 278 81 257 1
0 189 402 81 263 4
0 177 426 81 238 3
0 145 571 81 261 6
0 180 503 81 269 6
0 500 211 81 265 4
0 148 498 81 245 4
0 582 206 81 247 1
0 324 163 81 257 1
0 533 595 81 259 5
0 503 33 82 270 5
0 214 486 82 261 4
0 5 567 82 290 6
0 23 521 82 273 6
0 418 476 82 244 1
0 192 4 82 264 3
0 286 200 82 268 2
0 570 77 82 266 3
0 130 240 82 249 1
0 595 321 82 254 6
0 286 596 82 251 1
0 371 69 82 266 1
0 305 252 82 258 5
0 269 318 82 268 2
0 70 145 82 259 3
0 313 62 82 258 5
0 383 264 82 258 3
0 28 28 82 264 3
0 108 101 82 268 4
0 219 373 82 249 3
0 15 468 82 259 6
0 580 156 82 258 2
0 562 530 83 266 5
0 250 91 83 271 2
0 594 175 83 268 1
0 586 480 83 249 4
0 59 86 83 263 1
0 82 566 83 291 5
0 159 127 83 271 3
0 140 346 83 262 3
0 459 535 83 259 3
0 10 270 83 274 6
0 92 203 83 262 1
0 138 23 83 253 2
0 67 10 83 275 5
0 314 320 83 278 5
0 353 363 83 252 1
0 141 80 83 270 3
0 551 19 83 258 3
0 126 159 83 267 4
0 555 234 84 269 2
0 417 470 84 282 4
0 259 593 84 261 3
0 345 219 84 278 3
0 530 220 84 269 4
0 403 392 84 268 2
0 353 407 84 262 1
0 405 273 84 271 6
0 387 20 84 274 4
0 100 431 84 266 1
0 218 517 84 250 2
0 76 73 84 262 4
0 20 364 84 264 3
0 543 268 84 252 3
0 141 74 84 262 4
0 110 194 84 260 6
0 129 419 84 276 2
0 464 315 85 269 5
0 59 462 85 259 3
0 506 71 85 264 2
0 335 466 85 259 4
0 212 253 85 283 2
0 282 294 85 254 3
0 476 29 85 268 5
0 398 21 85 269 2
0 251 466 85 274 3
0 302 382 85 243 2
0 166 256 85 262 3
0 581 117 85 262 4
0 546 5 85 256 1
0 559 587 85 270 6
0 308 218 85 259 4
0 154 22 85 288 2
0 149 591 85 254 6
0 359 237 85 259 1
0 295 244 85 270 5
0 415 240 85 258 4
0 334 278 85 272 2
0 365 404 85 261 3
0 459 243 85 251 3
0 439 164 85 262 6
0 273 443 85 262 1
0 116 284 86 257 5
0 457 538 86 259 5
0 271 288 86 261 5
0 170 120 86 260 5
0 325 337 86 256 3
0 167 525 86 265 4
0 501 443 86 273 6
0 264 482 86 253 3
0 79 419 86 268 3
0 430 354 86 267 2
0 592 39 86 273 2
0 96 183 86 262 1
0 399 237 86 263 5
0 441 461 86 268 1
0 395 82 86 261 1
0 566 164 87 269 4
0 122 564 87 256 4
0 56 319 87 268 5
0 443 574 87 262 2
0 106 460 87 262 5
0 188 547 87 260 6
0 430 209 87 277 3
0 444 355 87 281 3
0 2 4 87 278 4
0 66 18 87 285 2
0 286 109 87 275 5
0 487 571 87 275 2
0 572 453 87 265 2
0 497 523 87 261 5
0 301 83 87 257 4
0 375 550 87 285 5
0 18 369 87 267 6
0 153 184 87 266 6
0 505 180 87 269 6
0 61 381 87 272 6
0 177 565 87 267 6
0 12 169 87 259 1
0 131 556 87 274 4
0 351 598 87 276 1
0 361 581 87 262 3
0 577 94 87 271 5
0 127 170 87 274 4
0 42 543 87 259 2
0 534 454 87 263 5
0 544 176 87 278 2
0 348 80 87 269 4
0 309 264 87 274 4
0 186 153 87 266 4
0 210 250 87 272 4
0 522 187 88 265 6
0 584 16 88 260 6
0 254 357 88 281 2
0 33 203 88 256 4
0 428 184 88 275 3
0 591 303 88 251 2
0 504 305 88 269 2
0 162 88 88 266 5
0 306 72 88 261 6
0 367 258 88 277 6
0 278 181 88 261 3
0 267 299 88 260 5
0 104 430 88 259 5
0 104 87 88 272 3
0 534 31 88 272 6
0 550 335 88 286 6
0 374 27 88 276 3
0 504 588 88 246 1
0 179 420 88 261 1
0 355 567 88 252 5
0 111 79 88 271 3
0 426 71 88 260 2
0 387 80 88 261 2
0 90 571 88 264 1
0 185 579 89 252 6
0 211 421 89 263 4
0 30 293 89 269 6
0 123 409 89 273 6
0 365 235 89 266 2
0 592 106 89 274 6
0 546 227 89 262 2
0 53 179 89 253 6
0 493 438 89 267 3
0 298 516 89 256 2
0 119 129 89 238 3
0 326 357 89 266 2
0 242 46 89 254 6
0 556 365 89 257 5
0 399 58 90 274 5
0 347 343 90 252 6
0 255 22 90 278 5
0 397 486 90 279 1
0 228 178 90 285 1
0 77 225 90 288 5
0 80 398 90 270 1
0 386 281 90 261 3
0 409 373 90 269 3
0 214 446 90 270 3
0 73 340 90 276 3
0 144 515 90 266 3
0 181 418 90 267 6
0 226 490 90 255 6
0 278 146 90 275 1
0 75 591 91 261 1
0 447 324 91 267 3
0 268 287 91 277 6
0 164 79 91 264 1
0 491 174 91 261 1
0 26 481 91 280 2
0 3 266 91 271 6
0 150 582 91 253 3
0 186 258 91 272 5
0 149 450 91 259 1
0 42 170 91 248 3
0 120 549 91 271 5
0 294 412 91 298 1
0 263 176 91 275 1
0 356 206 91 260 2
0 281 203 91 270 5
0 194 218 91 274 3
0 373 298 92 260 3
0 516 444 92 272 5
0 546 379 92 268 1
0 545 441 92 269 6
0 325 409 92 275 2
0 456 331 92 270 5
0 121 205 92 249 4
0 279 465 92 276 1
0 104 243 92 267 6
0 366 557 92 267 6
0 120 9 92 263 6
0 423 305 93 266 2
0 445 47 93 264 5
0 47 144 93 264 4
0 382 363 93 278 1
0 581 386 93 276 5
0 249 455 93 264 5
0 364 404 93 275 2
0 228 582 93 280 3
0 342 114 93 256 2
0 112 487 93 268 5
0 165 213 93 280 5
0 370 218 93 256 4
0 208 331 93 292 4
0 38 196 93 278 5
0 469 5 94 281 3
0 279 441 94 278 1
0 180 140 94 271 5
0 34 151 94 281 5
0 98 51 94 270 4
0 275 216 94 284 4
0 7 596 94 260 2
0 186 574 94 278 5
0 463 172 94 286 5
0 219 175 94 274 5
0 443 161 94 284 4
0 487 15 94 268 2
0 287 493 94 288 3
0 48 318 94 266 5
0 157 503 94 269 6
0 31 566 94 263 3
0 307 590 94 272 6
0 541 314 94 282 2
0 136 224 94 290 1
0 192 62 94 270 2
0 549 308 94 276 5
0 108 509 94 267 2
0 540 160 94 253 1
0 423 275 94 275 4
0 541 431 94 262 6
0 531 41 94 270 6
0 516 407 94 270 3
0 469 463 95 289 2
0 406 241 95 272 4
0 321 600 95 276 2
0 536 170 95 261 4
0 429 57 95 277 1
0 384 63 95 286 4
0 245 556 95 285 3
0 566 429 95 295 6
0 61 582 95 280 2
0 371 278 95 255 4
0 368 566 95 284 6
0 323 419 95 290 2
0 355 599 95 273 3
0 362 314 95 280 4
0 355 445 95 255 1
0 197 199 95 284 2
0 308 445 95 268 5
0 307 558 95 271 2
0 591 297 95 286 6
0 310 90 95 260 1
0 131 126 95 270 2
0 330 503 95 255 6
0 362 257 95 279 4
0 510 598 96 286 1
0 280 10 96 279 1
0 495 40 96 291 4
0 144 282 96 274 6
0 397 589 96 260 4
0 504 39 96 277 1
0 194 240 96 276 5
0 90 248 96 275 4
0 375 61 96 275 2
0 50 86 96 272 5
0 221 89 97 287 5
0 73 450 97 279 2
0 6 312 97 270 1
0 49 35 97 295 6
0 415 93 97 292 4
0 71 240 97 261 3
0 137 164 97 294 5
0 422 240 97 283 6
0 530 453 97 273 5
0 14 83 97 275 4
0 120 85 97 289 2
0 339 425 97 267 2
0 476 512 97 265 6
0 193 508 97 266 1
0 534 522 97 280 1
0 476 139 98 271 4
0 343 552 98 257 3
0 445 410 98 272 4
0 105 223 98 284 1
0 528 331 98 285 6
0 116 444 98 267 2
0 438 389 98 270 2
0 540 579 98 287 3
0 375 256 98 286 5
0 144 147 98 269 1
0 272 320 98 291 1
0 467 88 98 274 4
0 437 483 98 276 6
0 316 518 98 268 3
0 138 249 98 274 5
0 351 86 98 265 1
0 280 410 98 283 1
0 325 596 98 278 5
0 315 383 98 297 4
0 469 571 98 270 3
0 460 454 98 290 5
0 463 487 98 277 6
0 387 299 98 269 2
0 184 577 99 274 3
0 23 509 99 286 5
0 399 402 99 281 1
0 14 37 99 282 4
0 429 474 99 281 3
0 91 567 99 272 4
0 493 79 99 286 4
0 62 344 99 267 5
0 222 168 99 287 1
0 90 105 99 268 3
0 546 308 99 269 1
0 494 332 99 291 5
0 242 97 99 253 2
0 304 432 99 255 5
0 120 537 99 269 1
0 493 324 99 278 4
0 573 185 99 271 5
0 375 578 99 284 4
0 543 190 99 264 1
0 582 149 99 280 4
0 284 335 99 262 3
0 259 323 100 276 6
0 397 590 100 284 6
0 270 122 100 265 3
0 186 242 100 276 4
0 0 384 100 279 4
0 102 490 100 291 5
0 12 590 100 289 6
0 264 342 100 273 6
0 64 572 100 275 3
0 507 43 100 276 1
0 558 580 100 276 4
0 25 314 100 300 6
0 330 223 100 270 2
0 326 77 100 297 1
0 418 379 100 297 1
0 468 247 100 274 2
0 531 337 100 272 1
0 410 15 100 275 1
0 221 146 100 282 4
0 445 194 100 278 4
0 523 109 100 285 1
0 331 71 100 262 3
0 371 409 100 281 5
0 427 38 100 283 2
0 590 98 100 282 6
0 340 388 100 267 5
0 87 241 101 300 3
0 270 550 101 270 3
0 114 547 101 270 4
0 598 244 101 290 1
0 562 152 101 273 2
0 189 268 101 291 3
0 114 50 101 296 2
0 120 69 101 290 4
0 126 3 101 272 6
0 168 95 101 287 3
0 188 473 101 278 5
0 354 40 101 297 1
0 583 24 101 285 4
0 579 494 101 280 2
0 424 547 101 259 6
0 317 391 101 288 6
0 456 588 101 275 4
0 460 458 101 265 2
0 326 252 101 279 3
0 158 422 101 287 1
0 469 330 101 282 1
0 215 20 101 279 5
0 12 316 101 279 5
0 149 365 101 281 3
0 327 562 101 267 3
0 495 370 101 293 6
0 219 351 102 283 4
0 223 34 102 282 1
0 30 84 102 277 5
0 228 146 102 282 3
0 535 333 102 279 4
0 599 382 102 279 3
0 212 401 102 276 3
0 586 235 102 268 5
0 575 556 102 304 1
0 487 351 102 274 4
0 66 138 102 284 6
0 303 306 102 292 3
0 563 421 102 278 4
0 78 207 102 291 2
0 360 70 102 270 5
0 403 302 102 292 1
0 168 253 102 273 4
0 526 115 102 286 1
0 382 285 102 291 3
0 203 34 102 299 5
0 381 279 102 305 3
0 231 176 102 276 3
0 413 579 102 270 4
0 496 301 102 285 4
0 88 220 102 276 6
0 177 418 102 282 5
0 328 300 103 276 2
0 568 161 103 278 1
0 238 327 103 275 5
0 307 522 103 298 3
0 142 289 103 267 5
0 229 26 103 290 1
0 310 252 103 290 4
0 388 14 103 280 4
0 67 86 103 276 6
0 259 26 103 284 1
0 548 19 103 277 2
0 561 501 103 276 3
0 58 342 103 282 6
0 49 120 103 293 6
0 476 407 103 293 5
0 568 321 103 283 3
0 437 124 103 285 4
0 543 130 103 277 4
0 331 540 103 292 5
0 254 100 103 284 3
0 343 80 103 271 4
0 272 304 103 284 5
0 102 488 103 288 4
0 470 266 104 280 2
0 195 80 104 285 1
0 62 373 104 286 5
0 506 137 104 277 6
0 564 296 104 279 3
0 107 521 104 271 5
0 41 524 104 276 1
0 287 380 104 283 5
0 294 108 104 299 1
0 6 302 104 273 1
0 301 477 104 298 1
0 233 426 104 284 5
0 564 406 104 300 6
0 75 439 105 275 6
0 7 557 105 285 1
0 394 452 105 264 4
0 267 393 105 271 3
0 252 186 105 284 4
0 5 223 105 299 5
0 396 297 105 281 5
0 418 418 105 274 6
0 535 205 105 275 2
0 366 329 105 302 6
0 188 456 105 300 5
0 345 162 105 273 2
0 535 565 105 278 1
0 427 418 105 276 1
0 487 90 105 268 6
0 260 440 105 280 4
0 78 226 105 301 4
0 189 489 105 285 6
0 283 336 105 278 3
0 421 227 105 273 2
0 109 324 106 289 6
0 139 339 106 295 5
0 240 99 106 274 2
0 541 17 106 271 6
0 130 505 106 280 4
0 578 328 106 282 4
0 399 409 106 288 4
0 444 159 106 302 4
0 371 460 106 292 4
0 309 444 106 283 1
0 560 84 106 273 1
0 46 28 106 295 5
0 112 377 106 269 2
0 402 591 106 278 6
0 227 415 106 308 6
0 124 6 106 284 4
0 301 142 106 285 3
0 452 224 106 287 1
0 344 598 106 296 5
0 285 496 107 261 2
0 28 487 107 289 6
0 391 296 107 307 5
0 378 390 107 267 1
0 550 186 107 285 1
0 124 81 107 293 1
0 424 369 107 285 3
0 19 370 107 281 5
0 181 350 107 300 2
0 362 110 107 294 6
0 220 475 107 293 4
0 503 3 107 299 6
0 406 531 107 288 2
0 400 357 107 302 4
0 216 256 107 292 5
0 254 480 107 291 5
0 212 120 107 292 6
0 406 85 107 273 1
0 281 247 107 292 2
0 254 212 107 277 2
0 84 351 107 305 4
0 211 379 108 298 4
0 25 13 108 295 2
0 525 578 108 295 2
0 118 251 108 283 6
0 396 455 108 278 1
0 160 285 108 302 1
0 287 239 108 287 2
0 469 287 108 291 3
0 544 50 108 305 1
0 126 323 108 302 2
0 564 303 108 262 2
0 153 102 108 301 2
0 230 546 108 271 6
0 259 421 108 286 5
0 434 216 108 300 3
0 111 295 108 284 4
0 400 334 108 290 1
0 199 488 108 283 4
0 537 55 108 287 3
0 396 565 108 282 2
0 466 70 108 281 3
0 561 361 108 277 4
0 79 90 108 294 6
0 113 450 108 288 3
0 557 429 109 295 3
0 167 533 109 284 2
0 431 492 109 277 2
0 476 41 109 290 2
0 449 231 109 300 1
0 538 408 109 301 4
0 100 588 109 305 3
0 299 224 109 317 6
0 299 38 109 304 3
0 135 365 109 296 6
0 587 2 109 300 3
0 417 287 109 292 1
0 227 497 109 308 4
0 327 369 109 295 6
0 526 199 110 293 6
0 257 426 110 295 3
0 51 480 110 285 5
0 67 276 110 287 1
0 298 332 110 284 6
0 471 169 110 286 2
0 26 510 110 294 2
0 175 8 110 296 5
0 251 168 110 282 6
0 100 571 110 297 5
0 434 507 110 309 1
0 218 107 110 278 2
0 75 338 110 280 6
0 383 593 110 293 5
0 574 102 110 286 1
0 191 431 110 278 1
0 100 119 110 292 5
0 144 494 110 265 6
0 363 280 110 317 3
0 270 219 110 289 2
0 183 285 110 276 2
0 525 134 110 278 3
0 62 500 110 297 3
0 259 75 110 299 3
0 492 525 110 290 6
0 247 140 110 302 5
0 420 376 110 267 2
0 571 105 111 300 1
0 202 380 111 293 4
0 547 60 111 288 3
0 178 362 111 278 2
0 204 15 111 282 5
0 57 19 111 285 6
0 305 45 111 280 5
0 507 17 111 299 5
0 25 250 111 281 4
0 551 271 111 284 2
0 471 262 111 282 4
0 110 375 111 283 3
0 281 579 111 284 1
0 45 400 111 311 1
0 444 203 111 281 1
0 285 435 111 311 1
0 51 570 111 279 5
0 359 505 111 306 6
0 143 200 111 275 3
0 4 400 111 306 6
0 354 393 111 289 6
0 158 261 111 286 1
0 417 158 111 287 1
0 41 142 111 289 2
0 112 385 112 292 1
0 299 357 112 288 1
0 8 531 112 300 5
0 305 277 112 301 3
0 7 181 112 288 1
0 9 525 112 281 6
0 290 561 112 285 3
0 419 475 112 300 4
0 334 454 112 285 2
0 79 372 112 286 1
0 327 20 112 304 4
0 351 438 112 313 6
0 370 449 112 308 1
0 598 284 112 290 2
0 201 275 112 278 5
0 517 325 112 286 2
0 459 207 112 293 1
0 396 102 113 285 3
0 110 85 113 297 4
0 475 496 113 291 6
0 216 465 113 297 2
0 357 342 113 293 1
0 24 126 113 293 3
0 364 120 113 283 6
0 135 579 113 312 1
0 89 11 113 290 6
0 35 49 113 289 4
0 253 440 113 290 3
0 370 69 113 305 6
0 564 116 113 284 1
0 264 548 113 303 4
0 120 102 114 291 6
0 444 146 114 299 6
0 590 439 114 292 1
0 535 553 114 284 4
0 313 389 114 298 6
0 168 69 114 270 1
0 516 32 114 282 1
0 180 237 114 300 4
0 239 241 114 298 4
0 540 81 114 271 5
0 212 395 114 325 1
0 87 202 114 297 5
0 571 294 114 286 2
0 135 361 114 293 5
0 292 450 114 310 3
0 28 480 114 273 2
0 239 363 115 298 5
0 510 274 115 297 1
0 546 463 115 290 3
0 475 391 115 292 2
0 146 6 115 280 1
0 102 13 115 287 6
0 324 510 115 281 5
0 228 226 115 299 4
0 338 442 115 298 2
0 528 125 115 291 3
0 463 54 115 299 5
0 106 276 115 302 2
0 112 98 115 307 5
0 389 563 115 288 5
0 542 504 115 278 5
0 278 534 115 299 2
0 253 155 116 286 1
0 593 141 116 282 5
0 173 520 116 293 6
0 524 212 116 298 6
0 272 493 116 316 5
0 364 251 116 270 5
0 216 562 116 296 5
0 248 12 116 287 3
0 546 122 116 284 6
0 266 347 116 291 4
0 215 379 116 296 3
0 554 141 116 300 1
0 388 250 116 290 6
0 526 411 116 308 3
0 503 595 116 307 2
0 525 489 116 315 1
0 4 567 116 294 1
0 204 335 116 294 6
0 387 160 116 304 6
0 227 209 116 290 2
0 105 13 116 297 2
0 311 416 116 307 1
0 29 175 116 300 2
0 488 443 116 301 3
0 382 336 116 299 1
0 187 292 117 297 6
0 67 560 117 304 5
0 146 582 117 303 1
0 228 587 117 290 2
0 523 400 117 298 6
0 381 26 117 296 1
0 262 160 117 295 4
0 564 284 117 305 4
0 584 215 117 280 5
0 231 357 117 273 4
0 349 366 117 303 4
0 250 67 117 306 2
0 197 554 117 298 2
0 131 46 117 311 1
0 179 334 117 301 3
0 406 549 117 313 1
0 334 284 117 295 2
0 372 150 118 306 3
0 467 506 118 270 5
0 450 316 118 305 4
0 177 496 118 309 6
0 416 490 118 303 2
0 191 337 118 284 5
0 443 246 118 295 1
0 87 489 118 315 1
0 153 343 118 290 3
0 140 68 118 308 3
0 33 586 118 288 1
0 393 446 118 291 6
0 328 369 118 290 2
0 542 135 118 297 6
0 356 272 118 305 3
0 179 376 118 306 1
0 468 468 119 295 2
0 368 139 119 306 6
0 556 30 119 301 5
0 188 48 119 311 4
0 86 128 119 300 6
0 281 445 119 302 4
0 303 288 119 314 2
0 31 202 119 289 2
0 514 463 119 308 3
0 272 226 119 297 5
0 191 177 119 302 4
0 248 353 119 282 4
0 120 344 119 306 3
0 441 191 119 302 1
0 427 481 119 295 2
0 362 122 119 295 2
0 462 63 119 305 4
0 445 286 119 293 5
0 243 126 119 295 1
0 436 142 119 322 6
0 112 189 119 293 5
0 529 562 120 296 5
0 451 117 120 306 3
0 357 183 120 287 6
0 582 409 120 295 4
0 150 491 120 297 1
0 498 134 120 307 1
0 393 172 120 297 5
0 578 446 120 286 6
0 21 114 120 303 3
0 587 302 120 292 6
0 300 233 120 304 2
0 580 15 120 302 6
0 126 93 120 298 2
0 100 53 120 292 1
0 221 367 120 313 4
0 177 378 120 317 6
0 34 350 120 293 3
0 174 58 120 303 5
0 447 140 120 310 5
0 582 522 120 307 4
0 306 245 120 304 2
0 79 451 120 294 5
0 482 588 120 287 2
0 384 28 120 326 1
0 334 599 120 295 6
0 49 326 120 282 6
0 442 498 120 289 5
0 162 136 120 294 4
0 85 52 121 301 1
0 379 320 121 291 5
0 317 425 121 302 3
0 361 170 121 293 5
0 402 363 121 302 2
0 314 188 121 301 5
0 51 0 121 297 6
0 99 227 121 316 2
0 270 320 121 304 2
0 114 566 121 296 2
0 396 506 121 297 2
0 81 12 121 299 5
0 504 399 121 283 4
0 390 89 121 282 5
0 302 566 121 284 6
0 561 268 121 310 5
0 516 26 121 314 4
0 386 212 121 305 1
0 90 456 121 313 4
0 441 319 121 310 5
0 389 76 121 304 3
0 295 598 121 298 3
0 399 480 121 310 4
0 504 132 121 299 3
0 358 560 122 300 1
0 435 423 122 289 5
0 322 8 122 306 3
0 132 162 122 290 4
0 593 225 122 311 1
0 346 315 122 286 2
0 308 572 122 300 1
0 265 511 122 292 1
0 409 317 122 297 3
0 232 196 122 301 5
0 208 598 122 291 6
0 509 25 122 300 2
0 321 107 122 307 4
0 255 519 122 288 6
0 34 207 122 311 6
0 75 583 122 295 4
0 305 63 122 325 2
0 560 39 122 310 5
0 440 163 122 307 4
0 104 381 122 310 5
0 121 278 122 300 6
0 2 94 122 294 6
0 367 119 122 305 3
0 358 412 123 322 4
0 452 524 123 314 4
0 578 40 123 298 1
0 477 182 123 308 4
0 393 118 123 301 5
0 243 126 123 297 6
0 220 214 123 301 5
0 560 219 123 290 2
0 83 406 123 304 4
0 422 168 123 296 3
0 261 453 123 300 4
0 232 416 123 295 6
0 576 339 123 324 5
0 302 392 123 296 1
0 468 496 123 305 1
0 219 464 123 309 5
0 377 157 124 299 2
0 226 385 124 309 4
0 527 389 124 295 5
0 501 312 124 303 5
0 372 173 124 313 2
0 347 427 124 312 5
0 333 324 124 300 5
0 15 102 124 302 6
0 292 566 124 304 5
0 478 485 124 300 5
0 227 124 124 306 5
0 526 195 124 313 6
0 467 375 124 322 6
0 232 137 124 306 3
0 40 507 124 307 5
0 24 587 124 299 6
0 127 394 124 291 1
0 262 488 124 309 4
0 239 442 124 316 1
0 180 359 124 311 3
0 294 52 124 294 3
0 166 252 124 302 1
0 597 555 124 312 6
0 274 342 124 304 6
0 532 279 125 307 2
0 329 171 125 304 6
0 484 49 125 320 5
0 404 309 125 317 5
0 515 307 125 307 5
0 362 60 125 315 2
0 430 474 125 309 3
0 554 545 125 295 1
0 323 593 125 305 5
0 200 67 125 276 2
0 457 163 125 311 4
0 63 204 125 309 3
0 570 207 125 315 6
0 590 503 125 290 5
0 315 416 125 298 2
0 14 413 125 308 1
0 518 589 126 310 6
0 367 104 126 311 6
0 546 76 126 309 3
0 439 384 126 287 5
0 15 313 126 311 6
0 41 14 126 304 4
0 396 96 126 311 4
0 586 232 126 309 3
0 34 194 126 302 4
0 251 340 126 305 5
0 77 154 126 303 5
0 445 83 126 312 2
0 251 60 126 306 6
0 591 81 126 307 1
0 470 79 126 316 4
0 11 495 126 304 1
0 396 122 126 310 3
0 198 596 126 316 5
0 407 105 126 305 2
0 499 237 126 325 3
0 490 262 127 290 2
0 169 424 127 297 6
0 569 564 127 318 6
0 112 505 127 308 5
0 161 31 127 323 2
0 50 91 127 319 1
0 445 476 127 306 4
0 423 524 127 316 6
0 192 16 127 282 2
0 323 96 127 324 5
0 249 381 127 313 1
0 202 39 127 318 4
0 290 56 127 304 6
0 476 121 127 303 3
0 174 574 127 302 3
0 177 490 127 293 6
0 158 159 128 303 4
0 264 569 128 311 6
0 108 41 128 307 3
0 586 529 128 307 6
0 407 242 128 304 5
0 334 469 128 301 6
0 330 537 128 318 6
0 87 322 128 316 4
0 84 119 128 298 2
0 443 314 128 314 5
0 149 461 128 324 1
0 45 78 128 316 2
0 43 599 128 324 2
0 405 489 128 298 6
0 419 37 128 323 5
0 59 32 128 318 1
0 5 61 128 319 3
0 161 154 128 322 2
0 59 565 128 314 4
0 461 297 128 298 4
0 587 274 129 315 4
0 543 114 129 308 3
0 211 552 129 294 1
0 594 394 129 311 6
0 289 517 129 308 6
0 127 178 129 311 6
0 392 234 129 313 6
0 144 123 129 304 6
0 212 320 129 325 5
0 453 208 129 331 2
0 497 392 129 314 4
0 63 289 129 290 5
0 499 209 129 323 2
0 409 231 129 322 1
0 586 123 129 303 4
0 397 199 129 307 4
0 192 68 129 314 1
0 364 192 129 306 3
0 70 88 129 308 3
0 415 6 129 308 6
0 444 264 129 300 2
0 408 353 129 317 2
0 363 409 129 313 2
0 64 492 129 303 2
0 218 427 130 312 4
0 428 215 130 302 5
0 511 160 130 308 3
0 294 376 130 295 5
0 223 21 130 311 6
0 515 221 130 312 3
0 115 152 130 315 1
0 361 201 130 312 1
0 422 425 130 312 4
0 395 206 130 323 6
0 68 366 130 318 5
0 304 151 130 317 6
0 498 115 130 309 4
0 194 137 130 319 1
0 600 284 130 311 6
0 466 569 130 296 1
0 333 241 130 328 2
0 166 389 130 301 4
0 210 71 130 310 3
0 18 552 130 303 4
0 461 259 130 318 4
0 44 148 130 311 5
0 37 351 130 318 1
0 130 536 131 314 1
0 8 593 131 296 1
0 329 69 131 311 5
0 387 392 131 309 3
0 24 251 131 335 6
0 73 359 131 302 4
0 120 133 131 296 4
0 338 167 131 307 3
0 77 105 131 296 3
0 469 578 131 304 5
0 307 128 131 311 5
0 274 319 131 305 5
0 334 383 131 313 5
0 391 397 131 305 2
0 196 401 131 323 1
0 522 174 131 336 3
0 10 243 131 314 6
0 87 213 131 304 5
0 227 554 131 310 5
0 257 291 132 311 3
0 145 7 132 313 3
0 396 341 132 321 5
0 80 44 132 306 3
0 492 497 132 299 1
0 184 560 132 308 4
0 145 420 132 310 3
0 539 94 132 292 4
0 483 560 132 310 1
0 596 499 132 309 3
0 230 581 132 318 6
0 554 263 132 312 2
0 11 176 132 335 5
0 122 238 132 312 4
0 519 283 132 312 2
0 90 531 132 312 5
0 417 8 132 306 3
0 381 45 132 309 6
0 319 545 132 320 5
0 307 578 132 307 2
0 317 70 132 308 4
0 205 114 132 326 3
0 511 142 132 319 2
0 242 163 132 311 6
0 71 37 132 321 5
0 115 290 132 309 1
0 526 87 132 302 4
0 94 473 132 315 2
0 108 77 132 316 2
0 71 360 132 322 6
0 39 416 133 305 1
0 505 126 133 327 2
0 430 536 133 319 4
0 283 115 133 322 3
0 456 230 133 314 5
0 344 468 133 310 2
0 342 339 133 306 4
0 140 446 133 310 6
0 424 444 133 321 2
0 560 275 133 308 4
0 185 63 133 300 2
0 387 276 133 333 3
0 361 76 133 315 3
0 493 536 133 313 1
0 62 21 133 317 4
0 492 73 133 319 5
0 159 74 133 325 5
0 309 552 133 311 6
0 526 168 133 332 2
0 501 104 133 323 2
0 12 373 133 314 5
0 66 350 133 303 4
0 203 254 133 315 1
0 220 403 133 319 4
0 59 538 134 320 4
0 374 507 134 320 4
0 391 72 134 304 1
0 474 171 134 333 2
0 425 407 134 308 1
0 378 511 134 316 1
0 541 521 134 310 3
0 322 389 134 302 5
0 232 84 134 305 3
0 183 546 134 311 6
0 356 541 134 306 2
0 582 450 134 319 6
0 229 351 134 319 6
0 516 79 134 327 1
0 301 333 134 306 2
0 305 17 134 313 5
0 479 222 135 320 5
0 296 543 135 312 6
0 407 327 135 315 2
0 540 572 135 320 2
0 513 383 135 327 5
0 388 422 135 316 4
0 544 438 135 317 6
0 101 583 135 317 1
0 227 534 135 325 5
0 509 157 135 313 6
0 488 29 135 305 5
0 84 157 135 320 2
0 69 434 135 315 3
0 269 595 135 315 2
0 300 102 135 307 5
0 224 570 135 322 6
0 426 428 135 306 3
0 45 528 135 309 2
0 481 541 135 319 1
0 149 83 135 338 5
0 270 147 135 318 5
0 564 317 135 333 4
0 93 120 135 321 2
0 393 578 136 312 1
0 59 456 136 316 6
0 38 581 136 324 3
0 544 406 136 309 2
0 367 407 136 335 2
0 419 153 136 309 1
0 500 536 136 298 2
0 480 433 136 329 3
0 303 226 136 325 1
0 86 263 136 318 3
0 85 255 136 308 2
0 476 489 136 310 2
0 452 321 136 312 3
0 134 519 136 333 5
0 314 47 136 308 6
0 578 47 136 319 2
0 102 76 136 304 3
0 227 184 136 313 4
0 432 272 136 311 1
0 222 275 136 314 5
0 200 292 136 311 5
0 183 310 136 320 4
0 270 36 137 320 4
0 275 347 137 280 2
0 145 545 137 328 5
0 585 217 137 309 1
0 570 141 137 310 2
0 447 85 137 313 3
0 162 232 137 306 5
0 190 493 137 331 2
0 372 55 137 300 3
0 28 337 137 322 3
0 137 142 137 311 1
0 212 90 137 310 3
0 163 138 137 318 6
0 410 92 137 318 2
0 346 354 137 315 5
0 225 317 137 329 1
0 211 227 137 307 2
0 203 494 137 312 4
0 222 35 137 313 3
0 88 506 137 331 3
0 503 334 138 330 1
0 498 424 138 321 6
0 566 456 138 330 6
0 232 294 138 332 3
0 540 561 138 328 3
0 43 3 138 317 4
0 134 481 138 307 6
0 189 160 138 303 5
0 437 193 138 328 1
0 195 141 138 313 6
0 38 464 138 324 1
0 256 222 138 300 3
0 90 595 138 314 5
0 589 168 138 317 1
0 212 20 138 320 2
0 194 54 138 306 2
0 4 226 138 314 1
0 461 497 138 324 3
0 590 330 138 314 4
0 106 271 138 325 2
0 241 520 138 317 2
0 91 226 138 313 4
0 488 375 138 320 3
0 553 421 139 311 2
0 557 177 139 311 1
0 410 190 139 303 4
0 310 140 139 328 4
0 517 565 139 315 2
0 477 149 139 311 6
0 516 223 139 320 5
0 512 558 139 328 2
0 174 383 139 330 5
0 477 395 139 321 2
0 283 263 139 314 1
0 555 307 139 315 4
0 61 526 139 338 5
0 161 517 139 309 1
0 474 18 139 335 1
0 229 439 139 314 4
0 526 304 139 305 5
0 42 201 139 324 1
0 72 20 139 309 2
0 528 424 139 329 6
0 271 310 139 327 4
0 264 140 139 302 3
0 331 580 140 314 6
0 560 567 140 334 4
0 292 434 140 308 5
0 287 51 140 330 6
0 266 209 140 325 3
0 69 164 140 334 6
0 84 441 140 323 6
0 507 413 140 306 6
0 491 181 140 336 4
0 223 5 140 316 6
0 513 170 140 323 5
0 421 84 140 336 2
0 426 6 140 300 2
0 167 281 140 319 3
0 315 545 140 319 1
0 187 47 140 320 3
0 342 538 140 318 6
0 126 452 140 320 4
0 430 269 140 321 4
0 185 533 140 332 6
0 123 13 140 322 5
0 155 92 140 320 1
0 419 1 140 324 5
0 86 58 141 317 1
0 88 298 141 301 2
0 216 316 141 331 1
0 237 330 141 311 6
0 380 10 141 331 5
0 97 121 141 320 5
0 516 106 141 331 1
0 172 539 141 312 1
0 77 321 141 319 2
0 48 430 141 316 5
0 505 315 141 319 2
0 11 534 141 326 2
0 471 42 141 322 3
0 10 364 141 339 4
0 417 41 141 335 1
0 395 486 142 316 4
0 120 415 142 321 1
0 232 72 142 334 4
0 558 308 142 324 2
0 329 580 142 309 6
0 529 37 142 323 6
0 516 104 142 340 6
0 480 525 142 337 3
0 588 491 142 316 4
0 295 22 142 329 1
0 147 86 142 330 6
0 144 60 142 303 4
0 102 222 142 328 5
0 32 285 142 308 6
0 458 277 142 318 4
0 553 304 143 310 2
0 441 434 143 314 1
0 387 228 143 333 5
0 318 546 143 317 1
0 231 366 143 316 1
0 146 494 143 325 1
0 76 592 143 304 5
0 495 101 143 332 5
0 163 58 143 314 3
0 17 385 143 324 3
0 137 285 143 324 4
0 451 75 143 324 4
0 66 375 144 332 6
0 508 347 144 327 5
0 521 8 144 348 6
0 513 533 144 309 3
0 285 140 144 345 3
0 344 274 144 312 2
0 185 0 144 334 5
0 97 187 144 325 2
0 112 277 144 312 5
0 471 460 144 328 3
0 303 114 144 339 3
0 340 540 144 339 4
0 463 114 144 320 1
0 345 271 144 315 2
0 168 228 144 313 5
0 210 94 144 340 1
0 341 227 144 322 2
0 531 162 144 327 1
0 310 273 144 330 4
0 263 174 144 333 4
0 402 558 144 323 2
0 103 334 145 320 4
0 481 371 145 308 3
0 472 399 145 324 5
0 369 334 145 326 6
0 484 229 145 316 3
0 259 254 145 346 2
0 463 288 145 335 1
0 328 25 145 319 4
0 76 72 145 317 2
0 125 299 145 309 3
0 287 310 145 305 4
0 65 260 145 327 1
0 169 583 145 309 5
0 430 259 145 315 2
0 599 169 145 320 2
0 159 517 145 314 6
0 284 86 145 343 3
0 291 347 145 319 3
0 64 360 145 325 1
0 291 52 145 341 2
0 402 399 145 328 1
0 280 142 145 316 3
0 131 469 145 327 4
0 132 531 145 321 4
0 116 473 145 318 4
0 241 35 145 327 5
0 502 559 146 348 5
0 499 149 146 315 5
0 194 153 146 329 4
0 289 545 146 324 1
0 267 105 146 324 3
0 561 408 146 322 1
0 424 279 146 338 6
0 489 64 146 327 2
0 458 322 146 343 5
0 326 41 146 300 1
0 332 179 146 316 2
0 509 409 147 345 2
0 77 160 147 320 2
0 343 308 147 326 2
0 335 504 147 324 4
0 324 598 147 326 6
0 307 8 147 307 2
0 406 217 147 339 2
0 299 560 147 325 5
0 369 106 147 311 1
0 231 95 147 327 5
0 47 572 147 344 1
0 0 241 147 316 1
0 437 72 147 325 4
0 340 189 147 310 3
0 397 297 148 314 5
0 230 164 148 316 2
0 398 176 148 334 5
0 215 201 148 310 4
0 499 234 148 322 6
0 49 526 148 328 3
0 103 340 148 325 6
0 518 234 148 323 3
0 130 509 148 347 3
0 130 347 148 320 1
0 280 453 148 333 1
0 161 205 148 320 2
0 57 249 148 336 1
0 328 379 148 338 4
0 470 151 148 327 3
0 23 137 148 315 4
0 277 470 148 347 5
0 98 355 148 327 6
0 73 185 148 340 2
0 316 325 148 323 3
0 215 577 148 314 5
0 360 23 148 356 5
0 406 202 148 329 1
0 30 253 149 333 2
0 173 145 149 310 6
0 331 138 149 330 6
0 107 303 149 338 3
0 399 328 149 331 4
0 436 132 149 345 1
0 389 145 149 329 6
0 494 428 149 338 1
0 174 53 149 313 2
0 300 192 149 322 1
0 372 266 149 335 6
0 3 201 149 336 3
0 361 550 149 325 4
0 272 473 149 320 6
0 11 558 149 327 5
0 58 205 149 336 6
0 237 187 149 332 1
0 4 475 149 323 1
0 103 484 149 325 4
0 69 514 149 318 3
0 397 141 149 330 6
